40.71743930476037 -73.98914108229654
33.44952969412806 -112.00197927643354
41.87817808835998 -87.62984661990545
38.88662683057153 -77.04744090450677
37.68605235072056 -122.40911206491879
37.78571574000897 -122.42385683578215
33.40670796625021 -111.87237445911006
33.767162740503366 -84.39291078593537
42.36323183663896 -71.07381102059558
47.60640951027938 -122.3320891514644
34.06477638437427 -118.2649913583805
44.9774375420046 -93.26807637073745
36.116561154318006 -115.17176626450332
30.267343599021824 -97.74292587055119
40.769443781834994 -73.83763596535485
39.95226921339726 -75.16381219481005
32.980981900312365 -117.0783249595427
34.03418791300449 -118.4350075116584
39.73520442463402 -104.98824764623053
28.542431945714526 -81.37684386628433
32.80310156374794 -96.76989774574585
37.34628463733357 -121.93921886666651
43.040809348951406 -87.9132157951049
29.762274616570945 -95.38282197199881
34.125554598989574 -118.34530121125515
25.788474286463135 -80.21604512692939
-6.21192746403091 106.84370449069829
32.710576001713534 -117.15232600763196
45.52323488789943 -122.67586771092324
37.395531386859865 -122.09409446723492
33.67464664254954 -117.85321739156196
33.81794949849883 -117.89350147242097
43.6531319794245 -79.3825916953674
27.94936177361441 -82.46507361685123
32.22174289999978 -110.926479000001
39.287460299512375 -76.6132798997569
34.16013129257439 -118.22999664801914
33.87351363879097 -118.36903511763248
40.78561827672632 -74.17827559079304
39.99644641662419 -83.0005913872126
35.227556751948285 -80.84327290779277
39.098773350267535 -94.58600114679074
39.76825411574599 -86.15785559254194
40.87136224887764 -73.8827828266284
37.805254600000175 -122.26850947267337
40.43914805852913 -79.99666089676471
47.645304873883326 -122.17025579217028
34.18844224830762 -118.44473826461507
33.81061799451611 -118.14348699838723
51.50228510165012 -0.12768248580858121
35.7714845054422 -78.63721199931948
34.12874979512202 -118.12395377630669
40.70611146118891 -73.60318096538438
37.54029205559451 -122.29663869090906
26.103766230960886 -80.16065577686835
33.55724187481999 -112.20891133597178
29.424434544565038 -98.49381986195712
44.9591058896678 -93.11845245867127
38.88075538228764 -77.24127251586681
41.48811487633586 -81.70866408740433
38.64518884722201 -90.22466464007897
29.965431691200124 -90.0805820971996
39.00037979516126 -77.13288269959672
38.58149038606572 -121.4956736196723
40.897403737826124 -74.06023583260853
37.54328144027137 -77.46902977647032
40.96318876636366 -73.80810906909115
38.97391395164322 -77.38281143286387
40.72009444386796 -74.27868384575481
39.128390933497414 -84.50224019753692
36.08652982749045 -86.64877602231361
34.19903666907211 -118.55293915721668
42.50663651413616 -83.16152440785335
40.014985599999875 -105.27054560000025
49.246450504395746 -123.10884630604426
33.89873397944455 -118.06382277611141
36.16389004972077 -86.78088051731847
41.598499145930134 -93.64518871918584
33.576235086982194 -117.71261895384593
43.07298721904773 -89.40083006071396
41.08411859939765 -73.48855686144562
40.605682319277136 -74.13458138614443
40.49630779638545 -74.42455010963866
44.88365377090911 -93.32262319575761
26.006433456969717 -80.20848875333326
34.06237745546733 -118.00314962838418
41.252617829813715 -95.99978874161475
42.88996553121027 -78.87553308535016
32.932362007189525 -97.06544155424858
30.332300579738646 -81.65531018431345
32.82522465131579 -97.08897717828982
33.96613503933339 -84.56637006266646
43.16336892281892 -77.61325943624186
40.760190031292524 -111.89429972925197
45.50654674589034 -73.55867509657517
33.009652127083285 -96.70304930347231
42.33369811048957 -83.04476874475503
37.90179917972019 -122.05796967132876
37.69380207202802 -122.09623597062928
42.957696869013986 -85.66758923943672
42.04846812676054 -87.8089942443663
38.98866787323943 -94.67530077605657
42.05385318776983 -88.03498026259005
33.48002329558824 -112.36428626029412
41.79693801037038 -88.10984510814815
45.02668139999998 -93.40155886791045
39.096678432089526 -77.17828913582095
43.04985480676689 -76.14390038496244
41.83691505789481 -87.96072272781956
35.14933869696971 -90.04809754393958
33.580392736246054 -112.35321198543373
28.39590909147286 -81.53685163565879
40.795015607874085 -74.40159699370076
47.452712042857286 -122.26501012142862
42.271266600000004 -83.72699243174625
1.3503022775999964 103.8206240728001
28.643625081967212 -81.34060391475404
34.0629951933333 -84.31216634666661
44.87601769999994 -93.48888347815121
32.72604835172417 -97.32040418706907
27.78027079655175 -82.64615975517248
34.05039043565222 -117.69912755217402
32.788736837391305 -79.92280986173915
40.0617432736842 -75.34324126666668
21.30537030442476 -157.8565959185842
40.272889225688054 -74.0478596256881
33.99045346276298 -117.92367230850135
38.25582197870368 -85.76043757777772
-6.914429910185196 107.60899647222205
42.045780552830244 -87.92402859999997
26.22048151523815 -80.18662999619039
34.048928100000005 -111.09373109999984
-0.3012261999999994 36.52296410000005
40.55951057281555 -74.56038866504848
44.774456052941126 -93.19005343529413
41.917278494 -87.85182023399994
38.51556967999999 -90.38265852599997
39.61748619897966 -104.99148936734683
38.951705299999965 -92.33407240000007
35.20135160000005 -111.63924899999988
40.298854502638854 -74.70141689990919
40.150534163829775 -74.0414740595745
39.908794249462375 -74.99449780860212
27.99677822795701 -82.78352506236558
35.79214196739135 -78.80059492608689
-23.548943300000005 -46.63881820000005
34.07091380449438 -117.8057799921349
13.727072373033696 100.49467025280903
43.02186933522731 -88.03734476477277
41.82299841704542 -71.40839712272737
40.82840089655174 -73.39232936666657
39.08079488850573 -76.64424437816096
37.55784468275867 -121.99632102298867
32.74285728604651 -117.02409991627904
39.8621008929411 -105.05397365882337
39.22074293411761 -76.83810688588227
-7.26724506352941 112.74183277647073
40.729923684523776 -73.29957947499992
42.677306026250044 -73.74927776874998
36.85292630000002 -75.97798500000015
36.03374219624996 -115.00210596624997
35.96208977499992 -83.9189032574999
33.96206998374999 -84.34759795624997
30.441769559999983 -84.28607295999997
41.308376708860735 -72.92711521392408
40.63319109746834 -74.40937170759493
40.39453392025317 -74.25215208987352
39.96617694430379 -75.30997808354434
35.99403290000005 -78.89861899999988
33.18200235063292 -117.36887839367091
42.169758334615395 -87.8950624576923
39.00597771558449 -76.55703610909107
37.930257478947425 -122.52382790789467
33.77971974999996 -84.28152210263156
19.427238160526326 -99.1357457973684
42.280840528 -85.58636143200007
40.376397708 -74.1469049893334
35.912914392000054 -79.05765936666661
33.981301962666656 -84.17844341733343
32.80688737600002 -96.95475346000008
25.914752529333285 -80.27221166933333
-6.310587482666661 106.80433840400006
41.742622640540496 -72.73593896216221
37.7038974324324 -121.92191413108092
40.807413879452 -96.68143424657539
39.52994871643832 -119.80787307397274
35.46756020000003 -97.51642759999984
34.42148872328768 -119.69408027534242
26.353097634246552 -80.085135980822
41.911602788888906 -88.04947144027778
37.09024 -95.71289100000007
32.88194945492957 -97.18216201408443
40.06538236571423 -74.39449139857139
38.976128005714244 -76.92427841285709
33.14871414000001 -96.82745302571419
48.856474601449285 2.3466410768115926
42.73412412898548 -84.50843955507239
42.29614205942034 -87.9687268434782
42.34584901044781 -83.41043844477608
31.758719800000055 -106.48693139999985
39.977410715151485 -86.01259353030314
42.46750983538459 -70.95081408000001
41.09410709846154 -73.92516707230773
40.82215929384613 -73.07293585076923
34.39157791384619 -118.54957396307672
3.126863281250002 101.66290293749994
44.917091514285715 -92.9670386507936
41.14730256825395 -73.28322889206346
39.970853138095265 -105.08394721746035
38.719511336507914 -121.25287343650788
36.83675190317464 -76.28258545396821
26.49673020317464 -80.06967178888887
42.640669312903235 -83.16246788387089
42.499885629032256 -83.41936120806443
34.15986205161289 -118.82263288225828
41.11645207540983 -73.82446614590165
33.05616020819671 -97.05811062295093
39.84701317333331 -75.10797671999994
39.19587269333333 -76.67813129500001
34.85256984666669 -82.39213235333331
32.79640152500004 -117.22771217500004
26.685792538333363 -80.05235611000008
41.47041024310345 -81.84972514310353
39.08581824655173 -77.52791961724137
45.40935061403507 -75.69833715789476
38.83523965614038 -104.82566382807023
33.99958941578953 -81.03825020175437
33.92758504210529 -83.99838958245614
33.88585742105264 -84.22015388070176
33.47370662631579 -117.66427569824558
27.92329438947366 -82.28504036140353
41.37169887857142 -81.75707131785704
41.034403798214285 -74.00576749642856
35.0844909 -106.65113670000004
28.29318085357144 -81.40783390000004
45.08945343636366 -93.2748388072727
44.47897860727267 -73.18952644363628
41.71510073818185 -87.72975992363637
47.351020896296326 -122.26225087962963
43.65261723703698 -70.25432527037046
38.97166889999999 -95.23525009999993
43.02874803962268 -88.23690287924528
40.58681155471698 -105.08643563396227
39.72318798679245 -84.18383360943393
38.83400225471699 -77.44265600943397
37.56653499999998 126.97796920000012
29.65163439999998 -82.32482620000006
41.76190958653844 -88.32484204230764
40.15185857499999 -74.90797146730772
40.13791169423079 -75.19384587884609
40.11529868846151 -88.23643805384621
38.741466967307694 -77.2171290403846
33.65081769807693 -84.44223739807697
33.49904280000002 -86.79847260384621
-8.675861973076932 115.20853220384605
41.95933954705881 -88.257817027451
40.208065220601696 -74.77244357238006
36.072591131372576 -79.79315395686271
13.767779133333324 100.59316529803918
44.25141851999999 -88.41817322999988
42.27103295800001 -83.18422557799998
41.46029202600002 -81.47186816800003
37.69223609999997 -97.33754480000002
35.67675639 139.70972010599996
33.058106299999984 -112.04764229999999
32.06199584399997 -81.1008792599999
30.487589450000026 -97.66122849
43.58671640000006 -116.19565559999987
42.24632380000003 -71.00983855510204
40.297495259183684 -74.28261673061228
33.00769019795916 -117.28025861428576
29.983440467346952 -90.18634496530606
-33.86250197551018 151.20327356734708
39.982398756249985 -86.11863383125007
39.42125234583334 -76.60275196041657
39.36603377708331 -74.4289534770834
34.225725499999974 -77.94471019999995
33.126758518750016 -117.11133471875007
30.419972225 -87.21580953541674
47.78438234042553 -122.27819595531913
44.05132447446806 -123.07849087234034
42.95683650638297 -78.77954378723409
41.09186436382979 -81.50847277446809
39.7294319 -104.8319195
33.95531706170216 -117.39768783829795
33.23806234255322 -111.62552375319142
42.065167317391314 -72.59759502173908
40.4949607956522 -80.21444735869567
39.16532499999999 -86.5263857
38.87661565652175 -94.82465414999993
37.80051843695653 -121.99058282826091
36.778260999999986 -119.41793239999997
33.89445076521737 -117.55863118478264
33.606261578751614 -86.63453893466053
14.581151365217389 121.02312671521739
41.198342435555546 -73.15338117333329
38.03191519318185 -84.4953309113637
34.74822057954548 -92.28656229545457
33.16338777045453 -96.64990210227265
52.37285746744189 4.892427713953487
42.307987988372105 -71.3694033744186
52.521809554761916 13.409573547619045
42.589398776190464 -83.3232464404762
42.1124699261905 -71.19110184523808
41.577473323809535 -87.84591185714287
40.26684846428568 -76.88886904999994
39.98432883809521 -75.62298811190473
30.450925645238097 -91.15421215714291
28.523642400000004 -81.55151575000001
22.38576735000001 114.11811606904762
43.551558478048754 -79.627721595122
42.53801943658534 -82.96571543414636
42.2017244804878 -88.29923691463412
40.79304082682928 -77.85653554146343
40.4944465682927 -88.99264375365847
38.638532873170746 -90.37121717560979
33.95570767560973 -83.38176075609753
41.817667025 -72.55484398500002
36.74906985750003 -119.77315143749999
34.078471105 -117.24109629750008
51.04500000000002 -114.05722220000004
42.988073553846185 -71.46420353333338
36.98550860769233 -122.02366316410254
33.50600324358976 -117.16181267692303
32.956056679487176 -96.8623747076923
29.619464982051277 -95.62849314102567
42.6774392473684 -71.14379725789472
42.64985465526315 -83.01106044473687
41.079273000000036 -85.13935129999994
40.38045030789474 -74.52666068947369
39.737499999999976 -75.55052296578951
36.15398159999997 -95.99277500000005
27.853741613157894 -82.76461109473694
-0.789275 113.92132699999999
42.44396140000001 -76.5018807
42.212888948648654 -71.18714242432434
40.85416176216215 -73.2816376243243
35.92467793783784 -86.86852734864866
42.261495050000015 -71.78651945000003
41.58764784444441 -81.46642033611107
41.58473298611111 -87.73456258055558
41.51615736909182 -90.54909025254175
41.20421360277779 -73.73660530555556
38.44091511666666 -122.71654718888895
25.673865736111125 -100.32970995833335
-6.184469074999995 106.62923601388883
45.071787131428586 -93.00335389999996
41.72027523142858 -73.92165378571426
41.17329426000003 -81.39373666857138
40.616549474285684 -75.48885786571425
40.39564502000002 -80.08786847714288
33.57786310000003 -101.85516650000001
27.337935247420422 -82.52882500536441
45.63872809999999 -122.66148609999993
42.42578147352941 -71.3571005235294
41.678348688235296 -86.22850283529417
40.03787549999999 -76.3055144
39.94866380882352 -74.15610369117641
39.68511149705883 -75.74831725294118
39.413169282352946 -76.77124916176473
39.305384664705876 -74.58265474999997
39.084652611764675 -76.87369924411766
38.02930590000003 -78.47667809999999
36.60355412647057 -121.88425408529417
36.0331164 -86.78277720000004
34.09460319117648 -117.35361539411772
33.19158186764707 -97.10693979117649
47.53189206666665 -122.0281552515151
40.61304460909093 -75.36733486060605
40.252624669696964 -75.12729342121214
38.30472220000001 -122.29888889999994
37.64555735757576 -77.53295603030304
35.4295235 -80.84668059999998
29.206003357575756 -81.0235097787879
-7.7871334787878785 110.37114913333339
-33.42458293939395 -70.57155969090906
44.88664872499999 -93.60008781249999
40.42414990000003 -86.90191951249996
40.090132181250006 -83.11708929687502
39.021900778125 -84.64723669687496
38.78197258125 -90.5317664875
34.2694474 -118.78148199999997
-37.81706197812501 144.97598890624994
45.42827239032256 -122.78039312580638
41.90311236774193 -72.60853687419356
41.36755483225806 -72.10284906129031
41.22604430000002 -73.90733934838714
38.571943987096766 -90.47715477096776
35.6037936516129 -82.5516901870968
28.07876495806452 -80.60180514516126
28.039465400000008 -81.9498042
26.64148817741935 -81.87255929354839
48.75955290000001 -122.48822490000008
44.50843661999997 -88.02890919000002
42.75943440666667 -71.46380232000001
42.12922410000001 -80.085059
41.66500634666666 -72.82905292000001
40.69307472666666 -89.59029202000005
40.692265716666675 -73.1315113366667
40.43923849666666 -79.86236683333333
39.95982857666667 -76.72791168999998
39.920586013333335 -74.88591868666667
38.72061208 -75.08408816666669
38.08852193666667 -122.26842382999995
28.54922322999999 -81.76870712333333
27.800582800000004 -97.396381
18.445527186666684 -66.10968463666667
43.052007724137944 -89.51083398965514
42.28345594482761 -71.53679849655175
40.5909488724138 -111.88693579310348
39.32594954827587 -84.27999543448271
36.348916510344814 -94.15589408965515
34.08628860000002 -84.0386828310345
33.78501144827585 -84.70821226551728
-34.607539799999984 -58.376552075862065
61.21805560000002 -149.90027779999994
47.65878019999999 -117.42604660000005
43.13104120714284 -77.46243775714288
42.3703095392857 -87.88760329999998
42.219503539285704 -83.39999236428572
41.47522512499997 -74.01721913928569
41.4183448642857 -73.45858342857142
41.26866955357142 -75.89744189642859
39.361096432142865 -84.50939924285716
37.21487108571428 -93.29781897857147
3.585241999999998 98.67559799999997
-22.9035393 -43.209586899999984
47.04016843333332 -122.88567307037039
43.07731262592591 -70.76348156666664
42.430635725925924 -82.91261835925926
41.59372875925926 -87.52293311111109
41.461070081481495 -72.85370580370369
41.4215002074074 -75.67233595555557
40.96495619629628 -72.17871015925927
40.027831148148145 -82.81469166296293
37.01063532962961 -76.37487534814815
34.73036879999998 -86.58610369999998
34.0050079 -118.81008930000004
32.927384422222225 -96.6114991518518
32.72532479999998 -114.62439700000003
42.11567741538462 -79.28692861153847
40.9503500346154 -72.32651059615382
40.826380769230774 -81.3874368346154
40.163052500000006 -75.49567776923078
39.414268799999974 -77.41054090000006
35.845621299999976 -86.39027000000003
32.46174560769232 -84.9887137
31.54766633846155 -97.14891319230766
30.694356599999995 -88.0430541
46.72955299999999 -94.68589979999997
42.02335000000002 -93.625622
41.66393830000001 -83.555212
34.1014873 -84.51937539999997
33.714344499999996 -116.35574141600001
33.482246136 -82.01844835199998
29.785785300000008 -95.82439559999997
27.664827400000004 -81.51575350000003
47.991114616666685 -122.19791313333333
43.84317339999998 -79.46341125
42.90433380833334 -87.86247684583334
42.614175524999986 -71.30072647500005
41.671571270833326 -91.5509111
40.91486133333334 -74.6938189625
40.124797 -82.93277345000003
40.06655275833334 -105.01955072499999
36.201005558333335 -86.5719816791667
35.04275994583332 -85.30102140833333
31.23039300000001 121.473704
26.136623837499986 -80.35154221666669
21.3774454375 -158.00072176249998
45.46219243913042 9.184740200000006
42.35872086086956 -88.0606824695652
42.189226217391315 -88.16385321739128
42.10125000000001 -75.95660702608697
41.7242064652174 -71.42933202173911
41.26509866956523 -73.05703249130434
40.25779252173913 -111.67223038260872
39.92180849999999 -82.78651112608698
38.57555690000001 -89.95112947391306
38.294999021739144 -122.46091008260869
34.2073196 -84.14019260000003
33.68906029999998 -78.88669430000003
32.060784965217394 34.78933709130433
28.31808955652175 -80.66374426956523
46.786671899999995 -92.10048520000004
42.05759491363637 -70.96362801818182
41.66175345454546 -72.64183593636366
41.61591499999998 -88.20406899999995
41.4305991181818 -82.05645885454545
41.32182427272725 -73.67049941818185
35.678644318181824 -78.83080480000002
34.970638440909106 -80.98520334090914
55.750041219047596 37.62188329523809
47.25287679999998 -122.44429059999997
43.549974900000024 -96.700327
42.359666228571434 -72.5935017190476
42.289252409523804 -89.08090005714287
41.72413827142858 -93.60548795714283
41.30117955714286 -81.40001812857146
40.825817133333324 -72.87645830000002
40.41669090000001 -3.700345400000002
40.253601271428586 -75.29488101904761
39.36221049047619 -76.49250306190473
38.91634299999999 -94.38351600000004
31.968598800000002 -99.90181310000001
30.07994050000001 -95.41716010000002
28.860165971428575 -81.28183644761907
49.2144454 -122.93631305000004
45.41648203 -122.59781110499996
43.455287749999975 -80.50470964999998
43.19414557500001 -70.864761405
42.50107398 -71.498823545
38.74437968499999 -77.49237794000001
38.40879930000001 -121.3716178
37.94540946499999 -121.66852207500001
36.09985959999999 -80.24421600000002
36.06019354999998 -94.16122176
35.230405029999986 -106.66405848000002
30.15910457999999 -95.48770390499998
28.204747699999995 -82.709336315
25.2644444 55.31166670000001
-6.247446600000001 107.14845210000001
46.8764921105263 -96.78504946315789
45.18880934736843 -93.4118256210526
44.0247062 -88.54261360000004
43.09454021578947 -88.37035918421054
42.73151905789472 -83.23305846315789
42.23880670526315 -83.61302354736841
42.058436000000015 -70.17863740000004
41.9797986736842 -91.68366281578946
41.67621115263157 -70.24707533684212
41.43342806842105 -70.55836444736842
40.36303005263157 -74.96344249473684
39.90421400000001 116.40741299999995
39.51860020000001 -104.76136330000004
37.97459570526317 -87.55665038947375
35.412889047368424 -80.58173326842103
35.37375991578947 -119.01681184736844
30.268337347368412 -81.39175043157898
29.894263899999988 -81.31320830000001
27.501296126315783 -82.57455623157894
26.813380289473695 -80.1183325
55.685581222222226 12.58817306111111
43.23810274444445 -87.97198717222221
43.18994574444444 -88.11577006666667
41.0359353 -71.95451460000001
39.62952599999998 -79.95589680000005
38.33977480000001 -75.08884111666664
37.63173626666667 -120.99035013333335
37.506883555555554 -77.64223267777778
37.20187285555555 -80.41255030000002
37.07946831111112 -121.61844712777776
35.28275240000001 -120.65961560000002
34.231867766666674 -84.48142864444443
34.21639370000001 -119.03760229999995
33.8333716 -111.95070420000002
28.66999700000001 -81.2081203
53.33767508235295 -6.259635358823531
42.72613090000001 -87.78285229999999
42.08035811764705 -71.4617706529412
41.846746470588236 -72.44521033529412
41.45431539411766 -82.70957825294117
41.011468611764705 28.979579611764713
40.38735908823531 -111.8060310117647
40.15603042352941 -105.11408487647053
39.7817213 -89.65014810000001
39.72888510000001 -86.38012446470589
37.681874500000006 -121.76800879999998
37.46920545294116 -122.43615187647056
37.2707022 -76.70745710000003
35.686975200000006 -105.93779900000003
33.210968129411754 -87.56964737058826
32.521555105882356 -93.73861354705885
32.216316 -80.752608
30.513857705882355 -97.82414524705881
-6.58476633529412 106.7982115117647
48.13912649999999 11.580186300000005
45.783285600000006 -108.5006904
44.9488002375 -123.03398522500001
43.8833333 -79.25
43.684411000000004 -72.28505605
42.8195343875 -73.93895481875002
42.816838768749996 -70.88728930625001
42.0737114625 -86.48616222500002
41.438196087499996 -73.26557873125
40.64210464999999 -80.27181737500001
40.114955 -111.65492300000004
39.5872222 -78.84249999999999
39.19109830000001 -106.81753870000006
34.265899999999995 -119.25836600000001
33.817657725000004 -116.52529185000003
33.37031969999999 -112.58377659999998
28.16140460000001 -81.60174170000002
26.14203580000001 -81.79481029999997
-6.950000000000002 107.40000000000003
40.25310944 -76.6888027
28.17861110000001 -82.35055559999999
40.51467005714285 -74.86445432142855
39.527280299999994 -84.35283862142857
41.23361998461539 -74.34222503846155
41.568162145454544 -88.07311476363637
41.301183359999996 -73.49473556
40.75873543 -74.65294975
42.65891334999999 -70.8322465
41.43343905 -87.35718859999999
41.0457175 -74.47021343333334
33.211162300000005 -111.8754166
